7504418980
1677231485
6098852852
1683267740
2654297483
6376526987
5340084030
6021287809
1046750995
1819746910
2691613083
5821319788
7167491992
1263579063
7884496376
3556644317
5812535551
5820387945
6155202942
1706097684
5215748878
7726572007
5350588950
5371503934
5116246163
5062716223
5838045854
3970402202
7727992005
6416556036
2701148474
3633172842
6019745615
5233527360
2236395131
1922143203
2219552884
1813378072
5643158671
1582260267
2610185440
5036063146
1737224242
2518023494
2156835693
5821316223
5861571226
2489090404
1580203504
1266089165
6889650337
5174826760
1802267337
5847519068
7502125937
7840831372
2166841824
3672239755
6529994224
1846982362
1930777575
5672538124
3753846974
1291334071
1652955110
5290049435
1678508842
1291021104
5699800502
5544548486
7880276935
5082091779
3154810532
1939417770
1698111712
2695145047
5366805031
5690794000
7239182913
2132015107
5457230420
1854181810
1461978967
2313635127
5880562917
2433919550
7387158520
1142447911
1698261253
2646714407
2784647491
1336365145
2244097134
3958606398
6644468485
1752359231
7559614843
5500911099
2972175272
1576730372
5099780694
1822744753
6416743648
2658528351
1674688141
2632738724
5222089005
3127759347
1751597137
7785846060
1631153043
2737611787
1602706391
2248578621
6347221018
6351824240
1391783845
3312133111
6514154996
