1258352531
5507032708
2263627780
5362393887
2165668143
1887327663
1785976627
1729915525
5606900825
5678131674
1721098392
6362028541
1313645754
2528074927
2957748561
2104938481
1824868420
7443145793
1830983020
7271389495
5821055839
3193076484
5192265455
1570094123
6342513449
3467274602
1655852940
6093298570
2810504414
6799033872
1719300132
1303913170
1732639527
5626135573
1762274521
3229330853
2208624802
2185547320
2922023625
5210833083
6918844104
3173166585
3116036097
3209244851
2706547501
2773863235
7410247474
3729944434
1751902905
7508466032
3125368511
3249453752
2955705340
2491853393
7876909257
1869129414
1894047394
7203556826
7438534362
6230550618
7361783395
7057715630
2483283265
5169280460
5064771555
5190111981
7316372232
6611385016
1964322754
2656350340
2516203322
1281671444
6616174725
5903844130
3836330998
5538341593
1751311140
7005628138
2267654861
6219968586
1993670563
1895539012
5204834601
3018839547
7884542445
1750162050
2150176507
1985670972
5747209783
2815393965
1939254413
5778536593
2291846081
5375774039
2346683651
2721474812
6227636352
2084161957
3245238311
3480221965
2526911840
7562209699
5217405203
6455140092
3012420755
6545370984
6510401439
1843320267
6036398570
1783499415
5494723037
2590596727
5029183518
2821414727
2509958092
1748710327
5880652945
3834182983
7842376645
