3345920012
5756804204
6618467794
3703917854
2610968961
1158587817
2927040120
5042075105
1434004434
1650602265
6303044828
1823133454
5560073438
7877837384
5127263763
2930398481
1712725825
2818170712
5887125732
5159226863
5671822495
2157290551
7878531980
5704748425
2521678700
1866811041
6855612746
5929891458
1215087445
1931911830
1731883795
5281456747
1734283283
7715966794
7863091234
1759533535
2022574361
1781285617
6404983890
1290442125
5618585630
6325010683
1979989541
6591939007
1923456523
1548586150
2498518755
6444081045
7779792374
3029534495
5031717846
1776080327
6791423938
2203660087
7781564220
5307934893
7806907774
2376018404
1667999147
2037211147
1969308311
7324782788
1730220955
1619552331
2778131780
3748460233
5672711592
6045858903
1518966617
2375773180
6143937466
1863450322
1662410424
5288459422
1982250652
6026940726
3635869432
2388322344
5245539777
5539372867
6102862609
5947698377
6857757495
1240176221
1952384734
7584463166
1801663151
1574436402
1610884322
3210698234
1688078893
2822750487
1135537445
1702275522
1285623821
2193323432
7884602745
3776549781
6438244695
7040738097
2806522904
1841391791
3067945285
1805281795
6633090480
6082392173
6318217331
2294790175
5977776894
3289889217
3618422977
6555207061
6444359180
7281924437
5576791741
6632841594
5953365159
5538422693
6866028736
2003525261
