1744520107
2874102085
7508396277
2483044510
1807098547
3993003909
2701691220
6353443651
6844754585
5500531625
5669420683
6100169011
1804793744
5321321632
2744885735
7673393454
5974619262
2863463261
5758269392
6867684168
2435456147
7876662810
2420628754
5593882706
3646616603
5233517159
1884786822
3980200480
2959478831
5979010958
1828208633
5874204972
2007738227
3024865271
1497009881
2371939907
5675888903
7296277993
5455747538
2708779647
2779135740
5182943889
6227242779
5878732434
7871748782
1247363404
5394592776
2618586831
7771231480
6439268150
6675456792
7881958640
2230629853
6723035197
6514143557
7453000782
2323551084
7839243604
2422779901
3369711462
5840483908
1029157627
2917844311
5189734408
1762563977
2329246877
1591943401
3982555275
1946272773
2275183931
2427467015
2531613262
1861058664
3169712690
7003891893
1977394380
2084708061
1321226015
1654307623
2688663855
3275961592
5041507691
7881801569
7196942510
7844100493
3991751132
3054822774
6026696905
1596747712
6572617948
6343106274
7723373919
5086528278
1668857132
1733428615
1871612083
1251372271
5663778764
6655146145
2681303891
1225512093
5949824844
1775979645
5830675780
1688801713
1922407515
2035054222
2419740750
2113614643
1843872915
5683010639
6246598941
3212787877
7454986067
6229437737
7401520024
5081323489
7284349256
7076627902
1875308085
