2285822710
5794787581
5994502580
5653096783
1674688187
7838972230
1428903345
1011269330
1835984643
6021904413
1640456497
5393288780
1134336870
1978220107
2891563531
5528474401
2453884657
3820633970
1701580461
2441478537
2827268874
1928411283
3030814277
2244225737
1590525042
3510221061
6628246523
1771915934
6755973594
1987101831
1765813640
2327371305
5968346978
1823393105
2398235351
7448288138
2707456057
6990398002
5512856510
1761618723
1464928111
6330380270
5538459014
1841671207
5711438756
6691363072
1774267233
1864009742
6214303780
6463881398
6824722540
7370289465
5993193436
1776769325
1829280943
7869259816
1763353397
1835668594
2169987454
3612405395
6965971369
6368151494
3074464463
2867102960
2103953802
5674943892
1854032091
6690378200
6025629723
1810632930
7824974884
2943262663
7507082925
3061394531
2286212123
6387558168
5468096283
6315040764
3802295334
1980478177
2254079614
2681640663
3641942735
7007393326
1796924270
5711755521
1256472330
6292747554
1910421063
6556841799
1784601294
6364287929
3206856933
1779911332
6860275461
5015867981
2936059657
5882446271
7411031211
1640494672
1921156032
1739222280
6344600952
2639982663
2595081161
5515945326
5643644599
5353062570
1900296053
2025451750
6863792587
2090466890
5837568930
2359739763
5917769135
3207776692
5820125297
1946328537
3802455405
5223725792
