5046610291
2005253871
1669197345
5468339575
1860973204
2141606287
5382673897
1805022382
6891167616
2170479940
1783543665
6227356193
2817413475
1813469107
6360830495
5310108411
7697129796
7024337153
1517846540
1828034725
1918256007
1723820414
7871916391
3296939744
5850776522
7752753253
1799912081
1312426801
7884531984
2079926657
1006974473
2672604345
7192507679
7210758204
5759186675
1762928124
5020086555
3502931114
3125368653
6073302460
2291221327
1765693852
2613949792
2676645631
2759733460
1888765385
5495910511
2542859601
1818531501
2550092554
2992038845
1838919975
2982275470
7856413769
1677690670
7452311495
6888069386
1789297077
5667418516
2064119763
2216163867
1710434372
2457350401
7356376253
1006406685
3854509253
6458138762
1746841372
1789402664
1004383671
1789450237
5821580113
1684434580
6003376459
1976666173
3611140305
1268257027
7478702861
3732748525
1942630553
5994875702
1607806944
2314360392
1585746241
3032162340
5687542075
1722254653
1756438541
3737972773
1654254937
1803434981
1595140770
3730817354
2033946847
6976060645
2231530663
2291277643
5215951557
7561786856
5097562275
7569843399
5127225727
5904420092
1514345503
6335975478
2832410790
1830527910
5092424306
1836685160
3165346960
1731333827
1734275701
2674373161
2297695360
7342294404
3863135978
3603246500
1891687361
3153636627
5623052931
