1826503963
1344877953
5536809799
5170769939
3802799500
1712102360
2423463890
2588150912
1507005754
7184012052
3319368414
1770418834
1457695312
7337811842
1728221425
7343660591
7876377457
1943171370
3558929181
3983576950
5350286064
1874781737
2510265917
2842903941
1824090235
3786418863
5614497493
5605595264
1750269145
7808885865
2291883211
1621567465
1756450093
5597789917
2590818755
6396943177
5995811198
2409273664
1738495424
1549135050
7854355948
5209459466
1513375307
3170735643
1829031181
1793492031
1796439661
5100038944
1904314451
2403612564
2635090943
5869967959
6451326707
1344360230
7300051889
1889800234
1775186391
7508912670
2617710957
5138579079
2094716082
1604826785
1793284194
3581969684
3182007902
5149056611
5500335508
5943936750
6259444586
3190638101
1988143031
1216388157
1345621720
1858269370
1824650303
2219138447
5973113838
3120886924
5242705624
5596545412
2376630097
2078401863
5634806670
5020552519
7884415474
1230087645
1616430771
6656147407
6563181657
1145095324
7782525256
3834992488
1962008607
1768016794
5221129691
5632645694
1750710142
6187481826
6209612900
2597285050
2503356410
5934313676
1410843174
6106202511
7883092254
7216446685
6010631009
5658120462
6631163345
6734298838
5623741644
6407988571
3774821832
7201616021
5929893346
5484380546
1847670103
2809300540
7711151834
1663381923
