7209998959
3132565747
1223849864
7828262139
1731584321
2918657545
6452656435
3208931841
1249685117
2050600350
3551039873
1735373401
2027320563
3607546071
1880808937
1884648644
2649692923
1596409212
5662836686
5500488909
1809096152
1785807165
2541860935
2148286042
2058670431
6346134816
5667037863
1583042361
1727754907
2734116907
2101778954
2314833551
1746383931
5376262067
5894630328
5574388678
1720133422
3860103296
2845185161
5581527691
1726898330
5184347967
1932098270
5479725552
1653945524
1703513687
1412824557
3754254002
1989623247
2491859160
2607949285
2501449882
1726349245
5425510156
3210599181
6510424550
7067451001
5700272527
1590956147
5687295576
5751573414
2745446534
6471943312
6071133287
1687740381
