3626231103
7299688134
3486679622
1107614297
5899649581
3796458415
3937022645
1836547781
1921868697
2509795037
1881036261
1908403820
6047199468
1959605421
3316261970
1667575473
3253072950
1670879140
1781079704
7876730772
2204680447
5241117580
5737321936
3502599532
2257789530
2557582922
7294599986
1934031530
1728838857
2440415545
2395815807
3676435761
1743696432
5763212689
3914383831
1986481745
6188682265
7358046354
3179684480
2696679853
5586255699
2140998643
3854264984
2614332431
7311014138
5232756897
2831847844
3180303821
1844018265
1689734537
1854159260
6164153768
1805009330
7095241809
3258571832
6458642686
7881409577
6524190560
3913585052
6108315467
2360172231
1254298532
1602801431
5693250881
6016971444
1595835072
3322354254
7890668265
1815338681
2143581663
6262532463
1971106543
7442229601
1060603161
5938460141
1374678802
5108480945
3981286707
6369551163
6447908902
5807519633
5438515809
5564247919
6704777691
6504581851
5537945066
5574862905
1359179855
3300775374
1264443500
6597654237
2380639780
7796316599
6445284541
7531291199
3480038412
2715892087
3046314135
5743136878
1765870915
2172957530
5991522411
1918656617
1640899275
7718631392
2459419321
1647256370
3231708484
1771454450
1232221900
2086961747
2591425377
1922782952
3290237481
2516399822
3618099141
5693074966
5061819504
1871366485
2511465152
