2192922727
1239926864
6912657889
2007323557
7244531135
3170079287
2186651633
2810864523
2682429891
2231241171
2149061137
2155921543
1821957217
2165985007
3885618520
1172854673
5236254837
1916051994
6188443884
5969408577
1750646330
1664275343
1747534564
2612748735
6482488539
1770924502
3919534190
3583813842
6455841204
3625526755
3903525982
1786334271
1873411400
5717362702
5647497229
5786528737
1830637634
3129516717
1453501745
7844901658
5096901126
7474945170
5745771094
1742186223
1883578354
7216849582
2841509111
7861321899
2430135375
2816273382
1947109275
3179521655
5840355485
2116541280
5565795983
2603531977
2632691604
1821120660
5144389339
1976599387
3210560642
2047850635
7868995451
1914198037
6406105641
1401640857
5494396437
2786726492
3776402810
1654064090
1549362863
1750160154
2023833992
2305507761
2305056670
1784272521
2810727842
3273355145
6025335008
5634198551
2663743715
7283315850
1731730681
5142537397
5161960009
1897608705
5730484490
1593780282
5709901543
2380318083
6092588753
1259240175
5525284226
5584165260
5282030469
1673365057
1837788573
6424529078
7551130108
1726146903
2740378344
6056760015
2987025020
6985744505
1882954642
2406168960
1945591155
3183892430
5593330378
2832677437
6218594244
1245861712
2352806460
5334519965
1692974040
3178499960
7620152786
3271250114
7454653197
2455286031
