5352237550
1765704812
3782417723
6274374344
5204145433
6186341025
5642065252
3204306277
7880296962
5652451764
5601790916
3788285987
2159762533
2180640297
1777882637
1638274743
2819913022
5033532213
6437985705
1284581955
2255953641
7890171131
3669005595
2711272591
1968358731
1766028644
5611532670
3208753847
5762969360
5766313170
5641908576
1765067177
5996130254
5979689064
5669874831
3125368501
1976160811
2851737004
1759192227
5529642331
5876462911
1877108073
7375346646
2286150160
5703721203
3887034823
2691807033
1712430302
7218694968
6568651782
3304787821
5379091185
5492416816
1807379924
1729095997
1737860575
5890929467
5565537582
2196219643
2537497535
1927832097
5854762195
2660877923
5497924256
7842083839
6498969549
1681635812
1939502121
1323730792
1895344545
7631258354
5552191452
1666485652
1824448545
1800920627
3320539112
5859747324
5475530093
1299419371
5631953521
5516214159
6320151273
1774168531
1787575587
5536207042
1198253935
6520060845
5618134504
1586310543
6412647831
3754034165
5630167479
3621016601
6196471440
1751056002
7877747909
3430229690
6155791496
6036380646
3158543957
1775471261
5342722399
2955286687
2230641783
2298981935
5913829992
2186898557
2072857907
7877120229
7842613034
5974888036
2578228814
2689465973
5979086771
5572764403
6300159620
3105331887
1678565893
6415204578
7303382691
