5478097745
3917798669
7552296092
2141764714
3384309300
6635011491
1852026534
3505692194
7881823010
1629163771
7291553147
3733026753
2147538295
6159764785
2173941832
3583844302
1765328624
6343172689
5146813590
7768302361
2481058012
1743112444
2678906401
5526924435
1218403573
2162418640
2129722163
2453133954
1784256707
3505151823
6872345505
5165599033
2032796017
5979880480
5493454090
1915898781
2039766715
6087240172
6556637551
5362026378
1916021981
5387819245
2176542123
1561550404
3610977661
6439452127
2711071980
2440188132
2174075251
6992955994
6118133903
5921521605
1648976574
6013505306
6034602998
5997859005
5656769974
1936324760
2530689782
3913965348
5538266866
5993399152
6226049029
6286068192
5948514015
1888096424
1626970900
6670262044
1645581840
1866507473
1504046854
1878477261
6869103382
5608091961
5420722928
3095831127
2117911135
2880169027
5642533139
2800101684
6534092314
5324177826
5282278980
1399746707
6098632291
5118876265
2711383631
1961608480
2205776374
1801520834
2360171883
5787587528
1118035050
2701177800
7165081849
7742039524
5628631133
1784223561
2032353233
2101416210
1727396594
1358967674
1910099017
1708923287
5880287811
1891208895
3517908584
6563826840
5710006536
6332967926
6855541990
2468618404
1669416981
7194158277
2879880760
5918997999
6267017332
3167007671
1798420263
2427537282
