7218462409
6329752489
2677312762
7827597834
2518538357
1663668520
5981859808
2590491590
7849293255
1907416784
2451705144
6029248221
5043660771
5510397042
5470469352
1454729121
5262110168
7489707765
1639421381
6434773422
5579166020
6012077239
3029315972
5488435776
5170275449
6367493294
1630478701
1821389535
2646391003
1236579120
1886571267
7246733266
1686590023
5856964387
1862078665
2406107015
6389695729
1749783560
2028685805
5867967146
7319792417
6267465781
6514784359
6037939386
3541490680
2696421825
1811061014
2669101370
3351733370
2478113074
3112620931
5700403336
1111171200
5999052064
6576374967
1695371651
6714423502
2260014392
3807465824
1401098222
5861669187
5120838445
2995921537
6232276954
6011462323
5680133955
3733946542
3574188243
5220069771
3516704734
5459107955
5190061633
1945295824
1603980487
6175832951
3138285337
5750056827
1765652454
2242952772
1614137095
5197212127
1610238965
1195611614
3880014679
1957952137
2820146734
1794043302
1908978835
1676729325
5143457004
2469308560
5936122286
1240375710
5519811557
5013060038
6460230408
1610658835
1973904301
7234229005
1677875323
1516644893
1649151203
1805340262
1900887504
1232813132
2279615672
5445828496
1557111167
2234639010
1829993987
7802923249
6344751757
5652885158
6862213070
1891976410
6061294784
2959345402
5949146675
2847135953
7884664588
