2639784164
6059987067
5623515861
5707889183
1772164290
3179094904
7884924705
1706372681
2291731375
1752323957
5386373602
1981275920
7081766177
5935230718
5943632109
5696052670
5822255440
3960998579
6370880830
6194133134
7744564182
7703788884
1939873213
2396085941
2618442371
5872780213
5707453177
1574435694
1757073867
2311862364
2341488964
1805837931
1748928385
5869853898
2822858655
1632728553
1665680827
1665696573
5196623709
1506441127
5474290007
1270369160
6587362824
5455200724
2737357715
1810802952
7825227389
1746150703
5769588435
1948223397
5626084590
6702868117
1874025570
5047072638
1959417137
1768578257
3941318317
1840405270
5177423066
1733529153
2941099801
3922562170
6157448829
6567641396
1822150140
5235247512
7041184426
2902447910
6037959119
2291894025
2103032861
1968758563
6055733122
3817188860
1744002111
1243047384
3174253702
6059879999
7882036812
7858664653
6828686679
3245033360
6264302027
1861357775
5890956220
3929704484
1968202917
1747669707
2210402961
2518477902
5520423322
3477327570
2044295915
1645816627
7819743655
5227066379
7870903580
6861599773
5677484752
1611763162
2665926361
5059633837
3922774869
2231298675
1863534964
1923134252
5516164847
6399547410
7021335835
2692255291
3899440764
1287530783
3578479905
2486851817
7727663980
2479972411
5936072478
6169679612
7346216935
6240591436
