1238004234
5821580953
1705196145
6991170195
1580012623
2126662193
6417540569
6139970324
6806603353
5907260560
2152875717
2584648752
1783275381
7203285083
1903255723
1705737562
6161716362
1573953470
3539139194
1152384530
5783997596
3016190017
6455075176
5393233780
5860317367
3253959872
6348656762
1631455300
1403630461
1567862431
7484393549
1215294331
5829237739
2154332097
2318951244
6003596036
6414028408
1829296467
5043872389
7001021824
5312423748
5821159955
1874400892
3946191655
5049575474
5087269201
1882237125
1645014057
1151593834
5677457703
5117173616
1650904790
2325591211
2836146382
3551024063
3303463292
2277668150
5681751920
1768585854
6686002411
5492399675
5555978228
3832169208
1980867523
2125224720
5941887788
2703087473
1645225852
1248351970
2655095663
5784329549
1724678141
1710043750
1652918774
5546778054
5984349433
2103460752
2933055127
7619146834
7767598576
2033795757
5998187176
5769294690
7478922948
1767303934
1896635132
1784683927
2441587155
1607742821
6276162737
3988208358
2152839105
7841316468
6347203959
1219828611
7790717240
2797575901
6736128763
7835828606
1637476887
2551677960
2116909942
1792129310
5366121410
6426098506
2846395124
6965103931
5397552271
1248146160
1956671355
5769256160
1837542415
6442341080
7322905028
7410787709
2141823055
3834723405
1941878773
7073268402
5047886017
