1211639421
5415370213
2107345920
3218927337
7358024564
1788062071
1765069550
5467746520
2631452731
3317700731
7870576299
3480816177
2192706740
7227990901
6859557715
5821787242
7021515717
5889890330
1889607690
5869287773
5511771088
6974324443
3292610323
3235303600
1720134974
7015747292
5390411831
5147755551
5675287683
2146330115
7863860723
3205557852
6101772776
5991232722
2877543865
1788193514
5478684865
2117526475
5642266026
5831203045
3117048833
1729653661
2772143913
1927872751
2461174481
1734335317
1731709200
1728801244
1742728142
6256894321
3153403623
2517869177
5656777332
3939506961
6243146585
1770818961
7128842920
2384774380
7133764829
1685100740
2906725281
6070502401
1694284653
5244010126
1795550965
2729389167
5724402884
1725889274
3982951408
6104190990
1661676630
2294233591
3911702802
5641866032
1878714413
7780567277
7858361156
5709894451
1671416800
6261737062
5318525821
1798185307
1360259363
5259348082
5484188906
6692575474
5700052499
2247305703
1724397892
2065622043
7062972489
1649240381
1860915042
1805668400
2886265840
7863116893
5767648250
5513323756
5772756083
5821056576
5620887309
2810365880
6490023909
1997003317
7767692188
3539134830
1773761872
1694809213
1849367094
7235348746
2685280731
5768480138
3942518883
1279112843
3138223573
6327099192
7332607765
7886181591
1784066764
2518847513
