1783493742
5075902902
2303028800
1193720884
3025163305
1282476505
6020462092
1901375041
3539171773
5427604697
5927846074
7001001187
3052592005
3497597660
3075448127
7553361540
1213058731
6466271016
1851128434
7852825000
1737265167
1233891113
7884542461
1910394061
6698015201
5655742673
5597172311
1549654070
2712271730
6753741484
5953899825
3148699507
1781740403
3217878144
2231305221
2933684087
6593220330
1826723532
6466819534
6182815106
5489156864
6053367467
5885133452
1746525761
7404916989
1747790171
5949417338
2919750617
3636826927
2854142410
2136649393
5813976093
7522896865
5750527874
7592083741
2089552177
1729930211
2248836484
7878025566
5463437184
1920486297
5357739241
1672217724
5257819036
1742823270
1006122931
7878779009
3917019574
5844025184
6444603190
6354608372
6858843303
3175437177
1671977403
5155208496
1677334894
6851878484
5170386972
2379336821
5719100167
5690800644
5170656505
2214128051
5693507573
7291751313
2087041704
6548343373
5242608650
1764822552
5288998723
1829101413
6550956178
6599254511
7742445710
2916996295
7872987604
1930827973
1935392612
2767874052
2809885303
6203632677
6273784464
2142998151
6527024338
5731069708
2009073221
2473362562
5458218879
6656535480
5262527008
2230826900
2731420185
1657476130
3206998262
6346338174
5241580086
3249343090
7447530673
1275017594
1699510684
